date,CASE_COUNT,HOSPITALIZED_COUNT,DEATH_COUNT,Total Adults in Shelter,Total Children in Shelter,Total Individuals in Shelter,Single Adult Men in Shelter,Single Adult Women in Shelter,Total Single Adults in Shelter,Families with Children in Shelter,Adults in Families with Children in Shelter,Children in Families with Children in Shelter,Total Individuals in Families with Children in Shelter ,Adult Families in Shelter,Individuals in Adult Families in Shelter
2/29/2020,1,1,0,37790,20690,58480,12535,4660,17195,11519,15448,20690,36138,2441,5147
3/1/2020,0,1,0,37799,20652,58451,12552,4683,17235,11498,15425,20652,36077,2436,5139
3/2/2020,0,2,0,37786,20631,58417,12530,4675,17205,11488,15415,20631,36046,2448,5166
3/3/2020,1,7,0,37804,20638,58442,12539,4683,17222,11472,15405,20638,36043,2455,5177
3/4/2020,5,2,0,37744,20597,58341,12524,4679,17203,11441,15354,20597,35951,2460,5187
3/5/2020,3,14,0,37681,20542,58223,12529,4662,17191,11428,15323,20542,35865,2451,5167
3/6/2020,8,8,0,37606,20480,58086,12496,4658,17154,11409,15280,20480,35760,2452,5172
3/7/2020,7,8,0,37606,20499,58105,12453,4661,17114,11426,15309,20499,35808,2457,5183
3/8/2020,21,18,0,37680,20478,58158,12522,4660,17182,11418,15305,20478,35783,2462,5193
3/9/2020,57,37,0,37688,20453,58141,12527,4660,17187,11410,15280,20453,35733,2476,5221
3/10/2020,69,58,0,37667,20453,58120,12527,4664,17191,11414,15286,20453,35739,2461,5190
3/11/2020,155,80,1,37653,20465,58118,12519,4663,17182,11416,15276,20465,35741,2463,5195
3/12/2020,355,108,0,37684,20488,58172,12561,4656,17217,11423,15291,20488,35779,2457,5176
3/13/2020,619,151,0,37532,20458,57990,12493,4627,17120,11408,15277,20458,35735,2437,5135
3/14/2020,642,176,2,37452,20467,57919,12436,4600,17036,11406,15281,20467,35748,2438,5135
3/15/2020,1035,210,4,37529,20492,58021,12488,4637,17125,11408,15278,20492,35770,2433,5126
3/16/2020,2121,341,8,37480,20401,57881,12506,4628,17134,11357,15210,20401,35611,2437,5136
3/17/2020,2452,385,8,37503,20421,57924,12511,4626,17137,11373,15228,20421,35649,2438,5138
3/18/2020,2971,494,20,37492,20372,57864,12537,4619,17156,11344,15189,20372,35561,2442,5147
3/19/2020,3706,628,24,37455,20358,57813,12528,4618,17146,11317,15158,20358,35516,2444,5151
3/20/2020,4006,745,47,37303,20352,57655,12413,4610,17023,11310,15148,20352,35500,2433,5132
3/21/2020,2638,741,44,37353,20351,57704,12462,4598,17060,11319,15163,20351,35514,2432,5130
3/22/2020,2580,768,49,37478,20358,57836,12539,4616,17155,11332,15175,20358,35533,2441,5148
3/23/2020,3570,1142,82,37520,20383,57903,12579,4608,17187,11355,15199,20383,35582,2435,5134
3/24/2020,4498,1308,95,37567,20406,57973,12565,4603,17168,11387,15242,20406,35648,2446,5157
3/25/2020,4874,1415,124,37603,20372,57975,12573,4619,17192,11400,15260,20372,35632,2444,5151
3/26/2020,5044,1540,186,37604,20371,57975,12574,4612,17186,11412,15267,20371,35638,2445,5151
3/27/2020,5118,1565,218,37562,20357,57919,12562,4578,17140,11430,15285,20357,35642,2439,5137
3/28/2020,3479,1391,273,37667,20347,58014,12622,4614,17236,11437,15301,20347,35648,2436,5130
3/29/2020,3560,1493,290,37680,20362,58042,12618,4621,17239,11441,15303,20362,35665,2440,5138
3/30/2020,6130,1849,325,37708,20347,58055,12635,4635,17270,11437,15299,20347,35646,2441,5139
3/31/2020,5458,1791,385,37757,20341,58098,12677,4629,17306,11433,15298,20341,35639,2448,5153
4/1/2020,5448,1738,447,37728,20330,58058,12659,4617,17276,11436,15301,20330,35631,2446,5151
4/2/2020,5747,1664,497,37674,20265,57939,12673,4618,17291,11398,15254,20265,35519,2435,5129
4/3/2020,5669,1708,498,37709,20273,57982,12680,4617,17297,11414,15266,20273,35539,2444,5146
4/4/2020,3864,1450,510,37698,20280,57978,12681,4618,17299,11409,15262,20280,35542,2440,5137
4/5/2020,3781,1396,578,37747,20274,58021,12695,4631,17326,11406,15262,20274,35536,2450,5159
4/6/2020,6353,1737,576,37702,20278,57980,12669,4609,17278,11414,15270,20278,35548,2448,5154
4/7/2020,6042,1581,598,37716,20266,57982,12686,4617,17303,11399,15253,20266,35519,2450,5160
4/8/2020,5576,1550,568,37667,20254,57921,12694,4631,17325,11351,15192,20254,35446,2445,5150
4/9/2020,5071,1349,559,37621,20221,57842,12692,4633,17325,11329,15175,20221,35396,2433,5121
4/10/2020,4510,1285,539,37577,20185,57762,12658,4636,17294,11318,15161,20185,35346,2433,5122
4/11/2020,3733,1042,542,37591,20181,57772,12667,4622,17289,11334,15179,20181,35360,2431,5123
4/12/2020,2888,946,571,37606,20170,57776,12667,4626,17293,11352,15188,20170,35358,2432,5125
4/13/2020,3311,1149,570,37664,20181,57845,12693,4635,17328,11371,15219,20181,35400,2428,5117
4/14/2020,4144,977,507,37536,20109,57645,12643,4621,17264,11332,15163,20109,35272,2425,5109
4/15/2020,3876,865,454,37493,20091,57584,12637,4628,17265,11312,15137,20091,35228,2415,5091
4/16/2020,3530,779,413,37478,20023,57501,12720,4662,17382,11230,15032,20023,35055,2402,5064
4/17/2020,3584,788,384,37455,20003,57458,12786,4638,17424,11163,14971,20003,34974,2401,5060
4/18/2020,2172,587,390,37503,19998,57501,12810,4649,17459,11165,14974,19998,34972,2407,5070
4/19/2020,2344,533,399,37456,19991,57447,12781,4628,17409,11164,14971,19991,34962,2410,5076
4/20/2020,3792,630,363,37403,19965,57368,12766,4608,17374,11149,14955,19965,34920,2409,5074
4/21/2020,3063,586,323,37333,19949,57282,12714,4608,17322,11143,14947,19949,34896,2404,5064
4/22/2020,3447,513,311,37386,19976,57362,12779,4595,17374,11155,14964,19976,34940,2396,5048
4/23/2020,2841,443,330,37336,19948,57284,12753,4608,17361,11129,14930,19948,34878,2395,5045
4/24/2020,2535,462,314,37247,19891,57138,12702,4617,17319,11103,14890,19891,34781,2393,5038
4/25/2020,1595,327,264,37222,19899,57121,12702,4614,17316,11108,14891,19899,34790,2381,5015
4/26/2020,1003,313,245,37311,19892,57203,12782,4630,17412,11098,14883,19892,34775,2381,5016
4/27/2020,2289,368,269,37308,19861,57169,12805,4623,17428,11087,14859,19861,34720,2383,5021
4/28/2020,2726,350,229,37239,19858,57097,12774,4601,17375,11089,14861,19858,34719,2373,5003
4/29/2020,2340,311,237,37148,19819,56967,12764,4594,17358,11065,14829,19819,34648,2351,4961
4/30/2020,2022,255,224,37084,19792,56876,12753,4546,17299,11064,14824,19792,34616,2351,4961
5/1/2020,1887,263,210,36955,19750,56705,12703,4499,17202,11030,14771,19750,34521,2361,4982
5/2/2020,1058,204,190,36907,19762,56669,12654,4477,17131,11047,14793,19762,34555,2364,4983
5/3/2020,787,214,177,36915,19730,56645,12685,4484,17169,11032,14771,19730,34501,2357,4975
5/4/2020,1550,240,158,36972,19749,56721,12710,4493,17203,11038,14783,19749,34532,2364,4986
5/5/2020,1512,212,151,36941,19726,56667,12734,4496,17230,11028,14767,19726,34493,2342,4944
5/6/2020,1398,215,151,37006,19760,56766,12748,4529,17277,11040,14788,19760,34548,2341,4941
5/7/2020,1239,173,142,36932,19760,56692,12711,4517,17228,11033,14773,19760,34533,2337,4931
5/8/2020,1080,172,131,37038,19707,56745,12809,4531,17340,11011,14748,19707,34455,2345,4950
5/9/2020,657,122,99,37061,19710,56771,12800,4542,17342,11013,14754,19710,34464,2351,4965
5/10/2020,457,102,103,37096,19706,56802,12826,4536,17362,11015,14753,19706,34459,2358,4981
5/11/2020,1231,181,104,37099,19700,56799,12810,4561,17371,11014,14750,19700,34450,2356,4978
5/12/2020,1285,114,90,36987,19649,56636,12788,4539,17327,10990,14715,19649,34364,2340,4945
5/13/2020,1333,125,83,36952,19676,56628,12744,4516,17260,11014,14747,19676,34423,2341,4945
5/14/2020,1110,144,70,36924,19628,56552,12790,4501,17291,10978,14700,19628,34328,2335,4933
5/15/2020,873,124,86,36876,19616,56492,12745,4493,17238,10976,14698,19616,34314,2337,4940
5/16/2020,485,93,83,36889,19598,56487,12775,4488,17263,10960,14681,19598,34279,2340,4945
5/17/2020,360,82,77,36937,19574,56511,12815,4504,17319,10948,14669,19574,34243,2342,4949
5/18/2020,895,114,59,36933,19528,56461,12830,4499,17329,10942,14657,19528,34185,2342,4947
5/19/2020,1003,117,55,36948,19566,56514,12825,4503,17328,10956,14677,19566,34243,2339,4943
5/20/2020,1077,78,79,36975,19559,56534,12872,4510,17382,10953,14674,19559,34233,2328,4919
5/21/2020,1069,84,45,36934,19546,56480,12871,4506,17377,10930,14637,19546,34183,2328,4920
5/22/2020,1036,102,65,36888,19552,56440,12819,4496,17315,10946,14659,19552,34211,2325,4914
5/23/2020,455,74,60,36870,19494,56364,12821,4523,17344,10918,14611,19494,34105,2325,4915
5/24/2020,467,88,48,36844,19490,56334,12810,4510,17320,10919,14612,19490,34102,2325,4912
5/25/2020,464,78,47,36871,19522,56393,12813,4501,17314,10938,14639,19522,34161,2328,4918
5/26/2020,1050,75,38,36883,19541,56424,12811,4506,17317,10942,14642,19541,34183,2332,4924
5/27/2020,741,76,48,36892,19550,56442,12830,4512,17342,10949,14641,19550,34191,2324,4909
5/28/2020,646,80,38,36870,19485,56355,12860,4504,17364,10923,14608,19485,34093,2319,4898
5/29/2020,639,85,43,36842,19472,56314,12841,4495,17336,10922,14609,19472,34081,2319,4897
5/30/2020,346,55,52,36753,19414,56167,12797,4502,17299,10887,14566,19414,33980,2315,4888
5/31/2020,230,60,39,36873,19410,56283,12891,4522,17413,10887,14569,19410,33979,2317,4891
6/1/2020,686,84,35,36916,19403,56319,12957,4501,17458,10885,14564,19403,33967,2319,4894
6/2/2020,571,63,37,36918,19409,56327,12983,4492,17475,10888,14567,19409,33976,2311,4876
6/3/2020,515,75,43,36880,19369,56249,12972,4501,17473,10859,14528,19369,33897,2312,4879
6/4/2020,520,76,33,36856,19329,56185,12993,4504,17497,10840,14498,19329,33827,2304,4861
6/5/2020,402,56,28,36852,19249,56101,13031,4479,17510,10809,14451,19249,33700,2318,4891
6/6/2020,247,36,34,36766,19256,56022,12958,4478,17436,10810,14446,19256,33702,2314,4884
6/8/2020,447,62,39,36851,19265,56116,13021,4472,17493,10821,14477,19265,33742,2312,4881
6/9/2020,419,65,31,36836,19246,56082,13035,4465,17500,10813,14471,19246,33717,2305,4865
6/10/2020,363,63,32,36811,19224,56035,13033,4481,17514,10796,14447,19224,33671,2297,4850
6/11/2020,363,50,21,36788,19240,56028,13001,4501,17502,10802,14451,19240,33691,2290,4835
6/12/2020,409,53,23,36737,19224,55961,12956,4497,17453,10797,14439,19224,33663,2295,4845
6/13/2020,196,34,15,36734,19238,55972,12935,4478,17413,10805,14453,19238,33691,2306,4868
6/14/2020,180,46,23,36794,19237,56031,12993,4491,17484,10801,14448,19237,33685,2303,4862
6/15/2020,380,53,20,36814,19256,56070,13012,4467,17479,10800,14444,19256,33700,2318,4891
6/17/2020,356,50,19,36717,19195,55912,13052,4442,17494,10774,14394,19195,33589,2286,4829
6/18/2020,378,58,17,36640,19170,55810,13054,4387,17441,10755,14365,19170,33535,2289,4834
6/19/2020,361,45,15,36647,19136,55783,13031,4466,17497,10725,14332,19136,33468,2282,4818
6/20/2020,203,27,17,36641,19133,55774,13028,4471,17499,10722,14328,19133,33461,2281,4814
6/21/2020,172,43,23,36638,19131,55769,12991,4493,17484,10727,14338,19131,33469,2281,4816
6/22/2020,402,50,17,36687,19170,55857,13010,4485,17495,10742,14365,19170,33535,2287,4827
6/23/2020,381,44,19,36689,19152,55841,13009,4478,17487,10745,14370,19152,33522,2289,4832
6/24/2020,381,54,17,36614,19045,55659,13045,4492,17537,10675,14276,19045,33321,2273,4801
6/25/2020,298,43,15,36605,19018,55623,13035,4492,17527,10681,14279,19018,33297,2272,4799
6/26/2020,317,33,17,36530,18983,55513,12985,4487,17472,10662,14261,18983,33244,2271,4797
6/28/2020,201,33,11,36556,18984,55540,13056,4467,17523,10657,14256,18984,33240,2261,4777
6/29/2020,437,49,16,36565,18980,55545,13080,4466,17546,10658,14260,18980,33240,2253,4759
6/30/2020,441,46,11,36562,18991,55553,13066,4464,17530,10664,14260,18991,33251,2260,4772
7/1/2020,395,38,9,36559,19001,55560,13038,4453,17491,10677,14286,19001,33287,2264,4782
7/2/2020,416,46,15,36486,18987,55473,13005,4453,17458,10670,14266,18987,33253,2254,4762
7/3/2020,234,30,11,36433,18940,55373,13013,4451,17464,10641,14226,18940,33166,2245,4743
7/4/2020,120,30,5,36268,18967,55235,12825,4437,17262,10655,14247,18967,33214,2253,4759
7/5/2020,155,27,8,36445,18957,55402,13015,4439,17454,10653,14241,18957,33198,2249,4750
7/6/2020,431,55,6,36555,18949,55504,13067,4481,17548,10658,14243,18949,33192,2254,4764
7/7/2020,461,47,6,36468,18926,55394,13086,4451,17537,10633,14198,18926,33124,2239,4733
7/8/2020,437,34,14,36471,18906,55377,13099,4463,17562,10621,14171,18906,33077,2243,4738
7/9/2020,390,46,6,36505,18951,55456,13102,4466,17568,10652,14211,18951,33162,2237,4726
7/10/2020,306,44,5,36557,18930,55487,13152,4486,17638,10641,14195,18930,33125,2236,4724
7/11/2020,259,33,8,36547,18913,55460,13151,4462,17613,10636,14194,18913,33107,2244,4740
7/11/2020,259,33,8,36547,18913,55460,13151,4462,17613,10636,14194,18913,33107,2244,4740
7/12/2020,223,27,4,36495,18867,55362,13117,4486,17603,10602,14151,18867,33018,2243,4741
7/13/2020,483,50,14,36477,18858,55335,13136,4465,17601,10590,14130,18858,32988,2245,4746
7/14/2020,402,43,11,36472,18895,55367,13108,4470,17578,10617,14168,18895,33063,2235,4726
7/14/2020,402,43,11,36472,18895,55367,13108,4470,17578,10617,14168,18895,33063,2235,4726
7/15/2020,440,44,12,36333,18918,55251,12933,4481,17414,10638,14195,18918,33113,2234,4724
7/16/2020,411,35,6,36447,18874,55321,13089,4476,17565,10612,14159,18874,33033,2235,4723
7/16/2020,411,35,6,36447,18874,55321,13089,4476,17565,10612,14159,18874,33033,2235,4723
7/17/2020,413,50,11,36393,18854,55247,13070,4461,17531,10601,14156,18854,33010,2228,4706
7/17/2020,413,50,11,36393,18854,55247,13070,4461,17531,10601,14156,18854,33010,2228,4706
7/18/2020,216,27,9,36358,18802,55160,13061,4477,17538,10568,14106,18802,32908,2232,4714
7/18/2020,216,27,9,36358,18802,55160,13061,4477,17538,10568,14106,18802,32908,2232,4714
7/19/2020,176,38,7,36409,18825,55234,13081,4478,17559,10577,14127,18825,32952,2235,4723
7/19/2020,176,38,7,36409,18825,55234,13081,4478,17559,10577,14127,18825,32952,2235,4723
7/20/2020,401,38,7,36438,18820,55258,13112,4479,17591,10579,14126,18820,32946,2234,4721
7/20/2020,401,38,7,36438,18820,55258,13112,4479,17591,10579,14126,18820,32946,2234,4721
7/21/2020,340,24,6,36462,18834,55296,13128,4488,17616,10593,14137,18834,32971,2227,4709
7/21/2020,340,24,6,36462,18834,55296,13128,4488,17616,10593,14137,18834,32971,2227,4709
7/22/2020,329,40,6,36464,18820,55284,13168,4474,17642,10585,14118,18820,32938,2225,4704
7/22/2020,329,40,6,36464,18820,55284,13168,4474,17642,10585,14118,18820,32938,2225,4704
7/23/2020,308,32,8,36405,18801,55206,13120,4487,17607,10574,14102,18801,32903,2222,4696
7/23/2020,308,32,8,36405,18801,55206,13120,4487,17607,10574,14102,18801,32903,2222,4696
7/24/2020,298,41,5,36362,18761,55123,13113,4461,17574,10568,14099,18761,32860,2220,4689
7/24/2020,298,41,5,36362,18761,55123,13113,4461,17574,10568,14099,18761,32860,2220,4689
7/25/2020,153,35,11,36376,18758,55134,13114,4466,17580,10565,14099,18758,32857,2225,4697
7/25/2020,153,35,11,36376,18758,55134,13114,4466,17580,10565,14099,18758,32857,2225,4697
7/26/2020,140,25,7,36388,18730,55118,13145,4486,17631,10547,14076,18730,32806,2217,4681
7/26/2020,140,25,7,36388,18730,55118,13145,4486,17631,10547,14076,18730,32806,2217,4681
7/27/2020,312,39,3,36359,18717,55076,13130,4489,17619,10537,14067,18717,32784,2214,4673
7/27/2020,312,39,3,36359,18717,55076,13130,4489,17619,10537,14067,18717,32784,2214,4673
7/28/2020,313,37,11,36355,18724,55079,13129,4481,17610,10550,14090,18724,32814,2205,4655
7/28/2020,313,37,11,36355,18724,55079,13129,4481,17610,10550,14090,18724,32814,2205,4655
7/29/2020,287,30,5,36364,18684,55048,13160,4491,17651,10527,14045,18684,32729,2212,4668
7/29/2020,287,30,5,36364,18684,55048,13160,4491,17651,10527,14045,18684,32729,2212,4668
7/30/2020,274,37,4,36374,18716,55090,13141,4508,17649,10542,14062,18716,32778,2208,4663
7/30/2020,274,37,4,36374,18716,55090,13141,4508,17649,10542,14062,18716,32778,2208,4663
7/31/2020,262,34,3,36212,18718,54930,13048,4486,17534,10529,14040,18718,32758,2195,4638
7/31/2020,262,34,3,36212,18718,54930,13048,4486,17534,10529,14040,18718,32758,2195,4638
8/1/2020,189,27,6,36156,18654,54810,13049,4481,17530,10486,13982,18654,32636,2198,4644
8/1/2020,189,27,6,36156,18654,54810,13049,4481,17530,10486,13982,18654,32636,2198,4644
8/2/2020,135,32,2,36248,18708,54956,13072,4496,17568,10524,14032,18708,32740,2200,4648
8/2/2020,135,32,2,36248,18708,54956,13072,4496,17568,10524,14032,18708,32740,2200,4648
8/3/2020,348,39,2,36306,18672,54978,13118,4503,17621,10508,14006,18672,32678,2214,4679
8/3/2020,348,39,2,36306,18672,54978,13118,4503,17621,10508,14006,18672,32678,2214,4679
8/4/2020,187,32,4,36268,18675,54943,13104,4497,17601,10507,14011,18675,32686,2203,4656
8/4/2020,187,32,4,36268,18675,54943,13104,4497,17601,10507,14011,18675,32686,2203,4656
8/5/2020,298,39,6,36241,18627,54868,13096,4498,17594,10488,13972,18627,32599,2213,4675
8/5/2020,298,39,6,36241,18627,54868,13096,4498,17594,10488,13972,18627,32599,2213,4675
8/6/2020,288,34,5,36276,18669,54945,13148,4481,17629,10508,13987,18669,32656,2205,4660
8/6/2020,288,34,5,36276,18669,54945,13148,4481,17629,10508,13987,18669,32656,2205,4660
8/7/2020,255,24,2,36205,18633,54838,13117,4485,17602,10490,13955,18633,32588,2199,4648
8/7/2020,255,24,2,36205,18633,54838,13117,4485,17602,10490,13955,18633,32588,2199,4648
8/8/2020,160,20,4,36139,18623,54762,13085,4475,17560,10486,13943,18623,32566,2194,4636
8/8/2020,160,20,4,36139,18623,54762,13085,4475,17560,10486,13943,18623,32566,2194,4636
8/9/2020,133,27,3,36222,18619,54841,13140,4496,17636,10483,13945,18619,32564,2196,4641
8/9/2020,133,27,3,36222,18619,54841,13140,4496,17636,10483,13945,18619,32564,2196,4641
8/10/2020,312,41,5,36230,18611,54841,13116,4514,17630,10480,13937,18611,32548,2206,4663
8/10/2020,312,41,5,36230,18611,54841,13116,4514,17630,10480,13937,18611,32548,2206,4663
8/11/2020,263,24,4,36154,18583,54737,13092,4532,17624,10473,13923,18583,32506,2181,4607
8/11/2020,263,24,4,36154,18583,54737,13092,4532,17624,10473,13923,18583,32506,2181,4607
8/12/2020,320,31,1,36268,18639,54907,13148,4546,17694,10491,13949,18639,32588,2189,4625
8/12/2020,320,31,1,36268,18639,54907,13148,4546,17694,10491,13949,18639,32588,2189,4625
8/13/2020,276,38,3,36227,18614,54841,13155,4529,17684,10479,13931,18614,32545,2183,4612
8/13/2020,276,38,3,36227,18614,54841,13155,4529,17684,10479,13931,18614,32545,2183,4612
8/14/2020,277,38,3,36142,18587,54729,13091,4520,17611,10469,13909,18587,32496,2189,4622
8/14/2020,277,38,3,36142,18587,54729,13091,4520,17611,10469,13909,18587,32496,2189,4622
8/15/2020,151,23,4,36174,18590,54764,13128,4516,17644,10468,13895,18590,32485,2195,4635
8/15/2020,151,23,4,36174,18590,54764,13128,4516,17644,10468,13895,18590,32485,2195,4635
8/16/2020,140,21,5,36263,18613,54876,13192,4521,17713,10480,13915,18613,32528,2195,4635
8/16/2020,140,21,5,36263,18613,54876,13192,4521,17713,10480,13915,18613,32528,2195,4635
8/17/2020,333,34,5,36216,18521,54737,13225,4526,17751,10430,13853,18521,32374,2184,4612
8/17/2020,333,34,5,36216,18521,54737,13225,4526,17751,10430,13853,18521,32374,2184,4612
8/18/2020,283,39,1,36141,18521,54662,13145,4518,17663,10431,13859,18521,32380,2187,4619
8/18/2020,283,39,1,36141,18521,54662,13145,4518,17663,10431,13859,18521,32380,2187,4619
8/19/2020,257,36,1,36233,18550,54783,13177,4531,17708,10466,13896,18550,32446,2193,4629
8/19/2020,257,36,1,36233,18550,54783,13177,4531,17708,10466,13896,18550,32446,2193,4629
8/20/2020,227,35,6,36256,18535,54791,13224,4547,17771,10449,13874,18535,32409,2183,4611
8/21/2020,252,31,3,36193,18517,54710,13205,4527,17732,10434,13851,18517,32368,2184,4610
8/22/2020,136,27,5,36180,18524,54704,13190,4540,17730,10440,13860,18524,32384,2173,4590
8/23/2020,150,21,3,36226,18523,54749,13211,4546,17757,10446,13878,18523,32401,2172,4591
8/24/2020,297,36,8,36242,18514,54756,13221,4538,17759,10444,13881,18514,32395,2178,4602
8/25/2020,283,42,4,36138,18463,54601,13212,4545,17757,10415,13828,18463,32291,2154,4553
8/26/2020,313,27,6,36143,18487,54630,13220,4556,17776,10424,13843,18487,32330,2139,4524
8/27/2020,274,29,1,36180,18517,54697,13223,4552,17775,10441,13871,18517,32388,2144,4534
8/28/2020,280,23,5,36177,18461,54638,13231,4544,17775,10419,13839,18461,32300,2158,4563
8/29/2020,128,22,2,36220,18457,54677,13263,4557,17820,10425,13839,18457,32296,2157,4561
8/30/2020,186,20,4,36183,18472,54655,13230,4546,17776,10432,13847,18472,32319,2156,4560
8/31/2020,315,41,1,36134,18436,54570,13226,4533,17759,10414,13813,18436,32249,2158,4562
9/1/2020,294,21,3,36061,18441,54502,13239,4525,17764,10406,13790,18441,32231,2134,4507
9/2/2020,271,27,4,36108,18515,54623,13223,4535,17758,10450,13845,18515,32360,2132,4505
9/3/2020,273,18,5,36081,18431,54512,13240,4542,17782,10417,13793,18431,32224,2134,4506
9/4/2020,230,32,5,36009,18404,54413,13217,4531,17748,10397,13753,18404,32157,2134,4508
9/5/2020,156,22,3,36037,18399,54436,13248,4522,17770,10398,13756,18399,32155,2135,4511
9/6/2020,207,30,7,35959,18372,54331,13202,4509,17711,10385,13733,18372,32105,2136,4515
9/7/2020,218,20,1,36038,18425,54463,13235,4532,17767,10411,13769,18425,32194,2131,4502
9/8/2020,393,27,2,36052,18425,54477,13211,4554,17765,10408,13766,18425,32191,2140,4521
9/9/2020,352,31,1,36059,18431,54490,13263,4542,17805,10404,13763,18431,32194,2125,4491
9/10/2020,323,26,3,36070,18417,54487,13277,4564,17841,10405,13754,18417,32171,2118,4475
9/11/2020,313,31,4,36013,18410,54423,13236,4539,17775,10413,13759,18410,32169,2120,4479
9/12/2020,202,12,4,36022,18449,54471,13201,4542,17743,10437,13793,18449,32242,2124,4486
9/13/2020,254,17,3,36088,18410,54498,13283,4562,17845,10405,13743,18410,32153,2130,4500
9/14/2020,434,32,5,36008,18360,54368,13230,4557,17787,10381,13726,18360,32086,2127,4495
9/15/2020,338,29,3,36078,18382,54460,13310,4566,17876,10393,13726,18382,32108,2118,4476
9/16/2020,367,46,6,36098,18370,54468,13316,4576,17892,10399,13736,18370,32106,2116,4470
9/17/2020,353,34,4,36086,18352,54438,13334,4557,17891,10393,13724,18352,32076,2116,4471
9/18/2020,283,35,3,36066,18377,54443,13280,4549,17829,10411,13751,18377,32128,2123,4486
9/19/2020,158,21,5,36020,18340,54360,13284,4555,17839,10373,13710,18340,32050,2115,4471
9/20/2020,158,21,5,36071,18355,54426,13292,4568,17860,10393,13738,18355,32093,2116,4473
9/21/2020,513,28,3,36041,18296,54337,13315,4554,17869,10369,13700,18296,31996,2116,4472
9/22/2020,405,33,3,36024,18300,54324,13327,4565,17892,10358,13689,18300,31989,2101,4443
9/23/2020,531,38,4,35923,18250,54173,13293,4546,17839,10334,13654,18250,31904,2096,4430
9/24/2020,476,41,3,35922,18266,54188,13280,4543,17823,10344,13659,18266,31925,2101,4440
9/25/2020,457,47,4,35876,18257,54133,13220,4523,17743,10345,13666,18257,31923,2113,4467
9/26/2020,279,27,5,35850,18240,54090,13229,4510,17739,10335,13652,18240,31892,2109,4459
9/27/2020,382,34,2,35921,18269,54190,13272,4523,17795,10345,13669,18269,31938,2107,4457
9/28/2020,436,37,3,35919,18213,54132,13313,4510,17823,10308,13624,18213,31837,2114,4472
9/29/2020,686,51,7,35881,18255,54136,13276,4493,17769,10328,13644,18255,31899,2112,4468
9/30/2020,584,51,8,35873,18270,54143,13278,4520,17798,10326,13641,18270,31911,2096,4434
10/1/2020,614,41,5,35828,18269,54097,13242,4524,17766,10327,13642,18269,31911,2089,4420
10/2/2020,597,48,3,35823,18280,54103,13225,4503,17728,10344,13659,18280,31939,2097,4436
10/3/2020,277,25,5,35733,18215,53948,13210,4508,17718,10293,13587,18215,31802,2092,4428
10/4/2020,335,44,7,35832,18240,54072,13299,4512,17811,10310,13601,18240,31841,2088,4420
10/5/2020,764,56,0,35840,18201,54041,13289,4510,17799,10295,13593,18201,31794,2104,4448
10/6/2020,571,47,3,35849,18247,54096,13287,4517,17804,10320,13616,18247,31863,2096,4429
10/7/2020,542,46,4,35882,18252,54134,13321,4528,17849,10318,13620,18252,31872,2089,4413
10/8/2020,526,45,6,35870,18189,54059,13312,4532,17844,10287,13585,18189,31774,2102,4441
10/9/2020,524,55,2,35887,18228,54115,13292,4536,17828,10303,13612,18228,31840,2104,4447
10/10/2020,315,37,4,35935,18226,54161,13348,4521,17869,10316,13627,18226,31853,2100,4439
10/11/2020,281,46,7,35961,18229,54190,13366,4540,17906,10322,13632,18229,31861,2092,4423
10/12/2020,515,51,8,35975,18205,54180,13397,4543,17940,10302,13610,18205,31815,2093,4425
10/13/2020,589,50,4,35967,18247,54214,13352,4542,17894,10313,13630,18247,31877,2102,4443
10/14/2020,583,58,6,35878,18188,54066,13380,4511,17891,10276,13577,18188,31765,2085,4410
10/15/2020,604,74,8,35960,18240,54200,13419,4514,17933,10304,13616,18240,31856,2086,4411
10/16/2020,503,49,7,35991,18267,54258,13431,4520,17951,10315,13630,18267,31897,2086,4410
10/17/2020,366,34,6,35977,18259,54236,13432,4526,17958,10304,13607,18259,31866,2088,4412
10/18/2020,414,40,4,36074,18293,54367,13463,4532,17995,10331,13657,18293,31950,2093,4422
10/19/2020,627,67,7,35959,18256,54215,13404,4531,17935,10306,13620,18256,31876,2084,4404
10/20/2020,601,72,5,35961,18275,54236,13434,4529,17963,10306,13611,18275,31886,2076,4387
10/21/2020,653,52,5,35867,18218,54085,13423,4508,17931,10280,13578,18218,31796,2062,4358
10/22/2020,759,52,3,35944,18275,54219,13437,4522,17959,10312,13621,18275,31896,2067,4364
10/22/2020,759,52,3,35944,18275,54219,13437,4522,17959,10312,13621,18275,31896,2067,4364
10/23/2020,601,59,4,35946,18281,54227,13403,4520,17923,10327,13643,18281,31924,2073,4380
10/24/2020,386,46,1,35913,18231,54144,13433,4503,17936,10301,13603,18231,31834,2070,4374
10/25/2020,361,45,9,35923,18244,54167,13409,4529,17938,10316,13625,18244,31869,2063,4360
10/26/2020,695,55,4,35988,18186,54174,13479,4530,18009,10304,13604,18186,31790,2070,4375
10/27/2020,741,45,8,36022,18181,54203,13505,4544,18049,10305,13602,18181,31783,2067,4371
10/28/2020,784,45,4,35926,18106,54032,13502,4544,18046,10270,13548,18106,31654,2047,4332
10/29/2020,620,59,4,35991,18093,54084,13569,4542,18111,10261,13535,18093,31628,2055,4345
10/30/2020,653,57,10,35983,18107,54090,13562,4523,18085,10277,13545,18107,31652,2058,4353
10/31/2020,403,48,4,35980,18129,54109,13536,4516,18052,10293,13569,18129,31698,2060,4359
11/1/2020,501,53,12,35999,18125,54124,13559,4533,18092,10285,13560,18125,31685,2055,4347
11/2/2020,952,63,10,36035,18112,54147,13622,4534,18156,10260,13538,18112,31650,2053,4341
11/3/2020,903,75,12,36037,18147,54184,13634,4525,18159,10290,13570,18147,31717,2037,4308
11/4/2020,1112,66,9,35950,18069,54019,13588,4536,18124,10257,13522,18069,31591,2036,4304
11/5/2020,1140,82,9,35950,18081,54031,13579,4539,18118,10262,13530,18081,31611,2035,4302
11/6/2020,1036,64,10,35918,18054,53972,13581,4523,18104,10227,13492,18054,31546,2045,4322
11/7/2020,843,57,13,35889,18029,53918,13576,4523,18099,10214,13473,18029,31502,2042,4317
11/8/2020,788,64,7,35964,18036,54000,13632,4523,18155,10225,13484,18036,31520,2046,4325
11/9/2020,1545,77,4,35905,18021,53926,13590,4524,18114,10224,13477,18021,31498,2043,4314
11/10/2020,1596,88,7,35870,17972,53842,13608,4519,18127,10194,13436,17972,31408,2038,4307
11/11/2020,1538,96,9,35933,17984,53917,13682,4543,18225,10202,13443,17984,31427,2020,4265
11/12/2020,1501,79,16,35949,17974,53923,13682,4557,18239,10191,13423,17974,31397,2029,4287
11/13/2020,1495,88,5,35978,18028,54006,13659,4563,18222,10213,13455,18028,31483,2035,4301
11/14/2020,1026,100,9,35982,18061,54043,13649,4559,18208,10242,13478,18061,31539,2033,4296
11/14/2020,1026,100,9,35982,18061,54043,13649,4559,18208,10242,13478,18061,31539,2033,4296
11/15/2020,896,87,14,35973,18043,54016,13640,4557,18197,10241,13480,18043,31523,2034,4296
11/15/2020,896,87,14,35973,18043,54016,13640,4557,18197,10241,13480,18043,31523,2034,4296
11/16/2020,1832,123,10,35913,17961,53874,13647,4558,18205,10192,13418,17961,31379,2031,4290
11/17/2020,1728,100,10,35960,17917,53877,13728,4574,18302,10176,13395,17917,31312,2017,4263
11/18/2020,1752,119,10,36005,17958,53963,13744,4562,18306,10196,13417,17958,31375,2027,4282
11/19/2020,1855,130,9,35975,17895,53870,13750,4574,18324,10168,13381,17895,31276,2021,4270
11/20/2020,1772,130,7,35894,17903,53797,13673,4551,18224,10181,13391,17903,31294,2025,4279
11/21/2020,1291,121,11,35955,17948,53903,13695,4545,18240,10211,13427,17948,31375,2030,4288
11/22/2020,1148,113,10,35951,17974,53925,13647,4557,18204,10234,13466,17974,31440,2026,4281
11/23/2020,2315,146,13,36023,17985,54008,13703,4550,18253,10254,13484,17985,31469,2028,4286
11/24/2020,2073,130,16,35854,17899,53753,13668,4532,18200,10202,13411,17899,31310,2009,4243
11/25/2020,2368,137,13,35830,17899,53729,13655,4499,18154,10205,13412,17899,31311,2017,4264
11/26/2020,807,153,7,35829,17914,53743,13628,4487,18115,10218,13437,17914,31351,2025,4277
11/27/2020,2295,156,15,35817,17891,53708,13645,4510,18155,10205,13420,17891,31311,2008,4242
11/28/2020,1786,125,13,35848,17897,53745,13664,4514,18178,10207,13421,17897,31318,2012,4249
11/29/2020,1727,164,15,35839,17847,53686,13713,4508,18221,10181,13386,17847,31233,2003,4232
11/30/2020,2802,186,18,35812,17780,53592,13692,4522,18214,10151,13349,17780,31129,2011,4249
12/1/2020,3138,201,20,35754,17747,53501,13698,4516,18214,10117,13306,17747,31053,2002,4234
12/2/2020,3006,168,27,35825,17809,53634,13700,4519,18219,10159,13363,17809,31172,2007,4243
12/3/2020,2876,206,18,35839,17771,53610,13720,4534,18254,10142,13330,17771,31101,2015,4255
12/4/2020,2809,183,26,35871,17805,53676,13726,4528,18254,10156,13349,17805,31154,2021,4268
12/5/2020,1882,174,23,35907,17779,53686,13765,4554,18319,10132,13313,17779,31092,2024,4275
12/6/2020,1754,177,21,35903,17771,53674,13760,4554,18314,10137,13316,17771,31087,2023,4273
12/7/2020,3303,221,19,35880,17746,53626,13779,4545,18324,10113,13272,17746,31018,2028,4284
12/8/2020,3061,219,22,35917,17781,53698,13787,4548,18335,10131,13308,17781,31089,2022,4274
12/9/2020,3107,275,27,35953,17805,53758,13817,4558,18375,10142,13324,17805,31129,2013,4254
12/11/2020,2978,246,30,35903,17781,53684,13789,4562,18351,10115,13287,17781,31068,2020,4265
12/12/2020,2206,210,34,35913,17781,53694,13791,4561,18352,10130,13301,17781,31082,2019,4260
12/13/2020,2176,226,25,35984,17794,53778,13848,4570,18418,10131,13309,17794,31103,2016,4257
12/14/2020,3577,257,30,35969,17743,53712,13865,4569,18434,10103,13282,17743,31025,2015,4253
12/15/2020,3679,236,32,35961,17721,53682,13882,4556,18438,10093,13275,17721,30996,2012,4248
12/16/2020,2783,209,39,35930,17674,53604,13878,4554,18432,10058,13231,17674,30905,2022,4267
12/17/2020,1923,233,35,35991,17661,53652,13913,4558,18471,10067,13250,17661,30911,2025,4270
12/18/2020,3429,274,39,35969,17661,53630,13875,4561,18436,10072,13266,17661,30927,2023,4267
12/19/2020,2555,234,31,35930,17627,53557,13883,4548,18431,10055,13236,17627,30863,2021,4263
12/20/2020,2347,242,29,36009,17656,53665,13932,4551,18483,10072,13256,17656,30912,2024,4270
12/21/2020,4335,326,41,35872,17570,53442,13875,4549,18424,10016,13179,17570,30749,2024,4269
12/22/2020,4097,283,53,35807,17549,53356,13856,4551,18407,10002,13157,17549,30706,2012,4243
12/23/2020,3843,301,39,35787,17564,53351,13827,4537,18364,10022,13200,17564,30764,2003,4223
12/24/2020,3012,275,39,35785,17600,53385,13849,4521,18370,10038,13218,17600,30818,1989,4197
12/26/2020,3453,272,36,35894,17576,53470,13931,4534,18465,10030,13211,17576,30787,1998,4218
12/27/2020,2886,243,44,35942,17592,53534,13950,4542,18492,10039,13217,17592,30809,2004,4233
12/28/2020,5385,346,43,35844,17505,53349,13908,4557,18465,9986,13143,17505,30648,2006,4236
12/29/2020,5202,319,50,35789,17417,53206,13952,4562,18514,9930,13074,17417,30491,1990,4201
12/30/2020,4982,317,40,35663,17422,53085,13850,4535,18385,9927,13077,17422,30499,1989,4201
12/31/2020,3386,281,41,35473,17401,52874,13692,4497,18189,9916,13074,17401,30475,1995,4210
1/1/2021,1336,301,36,35719,17427,53146,13861,4524,18385,9946,13110,17427,30537,2000,4224
1/2/2021,4186,324,56,35690,17438,53128,13854,4507,18361,9950,13116,17438,30554,1994,4213
1/3/2021,3452,300,38,35802,17457,53259,13925,4530,18455,9968,13144,17457,30601,1990,4203
1/4/2021,6586,402,61,35590,17365,52955,13787,4504,18291,9908,13075,17365,30440,2000,4224
1/5/2021,6147,347,65,35589,17316,52905,13876,4508,18384,9870,13029,17316,30345,1977,4176
1/6/2021,5677,377,59,35585,17362,52947,13836,4522,18358,9896,13054,17362,30416,1975,4173
1/7/2021,5429,360,52,35522,17259,52781,13859,4533,18392,9827,12955,17259,30214,1976,4175
1/8/2021,5291,352,61,35534,17220,52754,13872,4526,18398,9817,12943,17220,30163,1984,4193
1/9/2021,3690,322,72,35584,17261,52845,13875,4536,18411,9843,12974,17261,30235,1987,4199
1/10/2021,3198,308,52,35668,17287,52955,13930,4548,18478,9859,12987,17287,30274,1990,4203
1/11/2021,5907,403,59,35656,17250,52906,13943,4544,18487,9836,12965,17250,30215,1991,4204
1/12/2021,5231,387,74,35547,17229,52776,13896,4540,18436,9809,12928,17229,30157,1980,4183
1/13/2021,5172,427,67,35639,17256,52895,13943,4538,18481,9852,12971,17256,30227,1980,4187
1/14/2021,5255,435,65,35503,17156,52659,13952,4552,18504,9761,12854,17156,30010,1964,4145
1/15/2021,4835,397,63,35490,17119,52609,13919,4549,18468,9760,12865,17119,29984,1970,4157
1/16/2021,3474,364,66,35554,17151,52705,13941,4558,18499,9791,12909,17151,30060,1966,4146
1/17/2021,2917,331,56,35568,17160,52728,13940,4550,18490,9806,12927,17160,30087,1969,4151
1/18/2021,4643,436,74,35631,17173,52804,13989,4558,18547,9809,12926,17173,30099,1970,4158
1/19/2021,5141,384,81,35571,17118,52689,13974,4563,18537,9772,12880,17118,29998,1968,4154
1/20/2021,4905,362,74,35589,17165,52754,13961,4569,18530,9799,12933,17165,30098,1957,4126
1/21/2021,4937,420,63,35646,17207,52853,13965,4583,18548,9827,12964,17207,30171,1959,4134
1/22/2021,4707,434,79,35642,17185,52827,13998,4571,18569,9813,12944,17185,30129,1957,4129
1/23/2021,3272,322,78,35735,17270,53005,14036,4567,18603,9853,12997,17270,30267,1961,4135
1/24/2021,2855,340,67,35664,17209,52873,14026,4574,18600,9818,12940,17209,30149,1955,4124
1/25/2021,5658,400,65,35731,17192,52923,14066,4594,18660,9805,12926,17192,30118,1964,4145
1/26/2021,4692,367,78,35659,17174,52833,14044,4583,18627,9798,12907,17174,30081,1956,4125
1/27/2021,4779,421,90,35692,17198,52890,14020,4612,18632,9820,12941,17198,30139,1953,4119
1/28/2021,4673,389,86,35668,17171,52839,14035,4596,18631,9802,12915,17171,30086,1954,4122
1/29/2021,3669,398,88,35587,17147,52734,13948,4603,18551,9800,12905,17147,30052,1959,4131
1/30/2021,2857,267,79,35563,17077,52640,13990,4595,18585,9758,12856,17077,29933,1954,4122
1/31/2021,2890,308,74,35584,17079,52663,14010,4612,18622,9762,12856,17079,29935,1947,4106
2/1/2021,975,287,65,35632,17093,52725,14026,4620,18646,9774,12875,17093,29968,1949,4111
2/2/2021,2660,403,77,35506,17075,52581,13952,4610,18562,9761,12853,17075,29928,1940,4091
2/3/2021,5143,447,75,35467,17100,52567,13923,4590,18513,9777,12877,17100,29977,1931,4077
2/4/2021,4857,427,90,35452,17100,52552,13883,4595,18478,9772,12883,17100,29983,1937,4091
2/5/2021,4157,446,82,35366,17065,52431,13821,4576,18397,9759,12878,17065,29943,1938,4091
2/6/2021,3079,360,77,35407,17064,52471,13843,4588,18431,9766,12873,17064,29937,1943,4103
2/7/2021,1647,313,78,35410,17004,52414,13894,4592,18486,9731,12830,17004,29834,1939,4094
2/8/2021,4431,391,82,35425,16957,52382,13937,4604,18541,9695,12778,16957,29735,1944,4106
2/9/2021,3727,398,71,35455,17015,52470,13922,4595,18517,9738,12843,17015,29858,1938,4095
2/10/2021,3777,367,79,35422,16985,52407,13922,4577,18499,9721,12825,16985,29810,1940,4098
2/11/2021,3413,321,96,35366,16956,52322,13899,4573,18472,9699,12800,16956,29756,1938,4094
2/12/2021,3312,340,82,35346,16943,52289,13909,4563,18472,9690,12789,16943,29732,1934,4085
2/13/2021,2203,279,81,35391,16969,52360,13925,4567,18492,9709,12812,16969,29781,1935,4087
2/14/2021,1896,250,80,35358,16959,52317,13940,4568,18508,9694,12784,16959,29743,1927,4066
2/15/2021,2854,321,82,35323,16880,52203,13939,4578,18517,9647,12725,16880,29605,1933,4081
2/16/2021,3723,355,84,35346,16995,52341,13861,4594,18455,9706,12805,16995,29800,1935,4086
2/17/2021,3437,289,81,35248,16933,52181,13793,4588,18381,9689,12800,16933,29733,1925,4067
2/18/2021,2044,265,54,35197,16929,52126,13775,4580,18355,9682,12781,16929,29710,1923,4061
2/19/2021,3019,302,57,35269,16932,52201,13818,4576,18394,9692,12793,16932,29725,1934,4082
2/20/2021,2494,298,69,35321,16938,52259,13868,4580,18448,9693,12797,16938,29735,1930,4076
2/21/2021,2280,278,58,35260,16902,52162,13827,4570,18397,9670,12777,16902,29679,1935,4086
2/22/2021,3614,348,74,35229,16908,52137,13816,4557,18373,9677,12780,16908,29688,1930,4076
2/23/2021,3472,330,73,35249,16885,52134,13839,4564,18403,9660,12757,16885,29642,1937,4089
2/24/2021,3461,356,79,35174,16824,51998,13859,4545,18404,9607,12692,16824,29516,1933,4078
2/25/2021,3479,291,74,35182,16811,51993,13886,4541,18427,9606,12689,16811,29500,1926,4066
2/26/2021,3239,326,71,35155,16828,51983,13861,4546,18407,9621,12705,16828,29533,1916,4043
2/27/2021,2014,244,66,35165,16807,51972,13882,4556,18438,9612,12685,16807,29492,1914,4042
2/28/2021,2039,243,68,35221,16794,52015,13918,4559,18477,9613,12693,16794,29487,1919,4051
3/1/2021,3726,329,62,35183,16736,51919,13936,4543,18479,9586,12650,16736,29386,1920,4054
3/1/2021,3726,329,62,35195,16746,51941,13936,4543,18479,9593,12662,16746,29408,1920,4054
3/2/2021,3109,275,53,35202,16746,51948,13962,4526,18488,9590,12658,16746,29404,1922,4056
3/3/2021,3239,302,72,35108,16720,51828,13931,4503,18434,9579,12638,16720,29358,1913,4036
3/4/2021,3118,305,62,35176,16720,51896,13989,4526,18515,9578,12626,16720,29346,1911,4035
3/5/2021,2885,260,54,35103,16766,51869,13939,4485,18424,9598,12647,16766,29413,1908,4032
3/6/2021,2043,241,56,35146,16794,51940,13955,4493,18448,9612,12678,16794,29472,1903,4020
3/7/2021,1877,250,61,35232,16809,52041,14008,4505,18513,9624,12700,16809,29509,1903,4019
3/8/2021,3399,294,68,35161,16720,51881,14011,4495,18506,9571,12639,16720,29359,1901,4016
3/9/2021,3336,284,71,35052,16608,51660,13978,4509,18487,9508,12553,16608,29161,1898,4012
3/10/2021,3203,281,62,35068,16617,51685,13998,4519,18517,9514,12556,16617,29173,1890,3995
3/11/2021,3107,293,56,35087,16618,51705,14009,4530,18539,9531,12568,16618,29186,1883,3980
3/12/2021,3201,297,73,34889,16550,51439,13939,4501,18440,9476,12489,16550,29039,1873,3960
3/13/2021,2175,222,63,34900,16582,51482,13932,4508,18440,9491,12507,16582,29089,1869,3953
3/14/2021,1923,250,40,34930,16546,51476,13954,4536,18490,9472,12490,16546,29036,1867,3950
3/15/2021,3390,292,44,34926,16527,51453,13950,4532,18482,9462,12476,16527,29003,1875,3968
3/16/2021,3194,247,65,34987,16484,51471,14031,4538,18569,9440,12452,16484,28936,1874,3966
3/17/2021,3168,282,45,34879,16485,51364,13928,4526,18454,9434,12449,16485,28934,1878,3976
3/18/2021,2916,302,60,34913,16498,51411,13948,4533,18481,9438,12454,16498,28952,1882,3978
3/19/2021,3048,259,45,34852,16487,51339,13922,4504,18426,9430,12448,16487,28935,1885,3978
3/20/2021,2158,267,49,34783,16467,51250,13877,4505,18382,9420,12432,16467,28899,1879,3969
3/21/2021,2089,268,50,34810,16491,51301,13900,4509,18409,9440,12454,16491,28945,1869,3947
3/22/2021,3879,328,55,34747,16422,51169,13911,4507,18418,9398,12391,16422,28813,1865,3938
3/23/2021,3246,282,54,34683,16368,51051,13891,4504,18395,9375,12350,16368,28718,1864,3938
3/24/2021,3453,290,41,34742,16342,51084,13928,4511,18439,9360,12338,16342,28680,1877,3965
3/25/2021,3794,312,69,34693,16311,51004,13879,4517,18396,9352,12329,16311,28640,1879,3968
3/26/2021,3418,309,64,34504,16261,50765,13790,4477,18267,9331,12295,16261,28556,1867,3942
3/27/2021,2221,263,51,34511,16269,50780,13790,4459,18249,9340,12321,16269,28590,1868,3941
3/28/2021,1751,207,56,34617,16267,50884,13869,4480,18349,9343,12329,16267,28596,1865,3939
3/29/2021,3556,303,49,34600,16214,50814,13886,4484,18370,9313,12284,16214,28498,1868,3946
3/30/2021,3185,263,41,34525,16227,50752,13820,4468,18288,9319,12303,16227,28530,1861,3934
3/31/2021,3183,288,61,34542,16169,50711,13855,4467,18322,9300,12280,16169,28449,1863,3940
4/1/2021,2863,269,57,34471,16178,50649,13816,4447,18263,9292,12266,16178,28444,1865,3942
4/2/2021,2618,263,55,34420,16180,50600,13772,4444,18216,9285,12257,16180,28437,1867,3947
4/3/2021,2046,232,48,34334,16161,50495,13732,4409,18141,9280,12247,16161,28408,1866,3946
4/4/2021,1468,215,47,34419,16187,50606,13812,4406,18218,9299,12273,16187,28460,1859,3928
4/5/2021,3269,265,53,34361,16145,50506,13781,4418,18199,9257,12217,16145,28362,1867,3945
4/6/2021,2999,228,46,34225,16044,50269,13750,4404,18154,9205,12144,16044,28188,1859,3927
4/7/2021,2759,222,44,34175,16031,50206,13729,4378,18107,9208,12153,16031,28184,1856,3915
4/8/2021,2566,216,54,34140,16049,50189,13683,4380,18063,9220,12161,16049,28210,1856,3916
4/9/2021,2469,202,54,34141,16015,50156,13713,4387,18100,9206,12142,16015,28157,1849,3899
4/10/2021,1724,190,49,34106,16053,50159,13688,4358,18046,9218,12160,16053,28213,1849,3900
4/11/2021,1315,159,52,34286,16050,50336,13820,4405,18225,9210,12155,16050,28205,1852,3906
4/12/2021,2532,205,41,34225,15987,50212,13792,4418,18210,9184,12111,15987,28098,1854,3904
4/13/2021,2358,198,37,34123,15992,50115,13727,4403,18130,9185,12111,15992,28103,1843,3882
4/14/2021,2241,196,35,34077,16017,50094,13690,4391,18081,9197,12125,16017,28142,1839,3871
4/15/2021,2013,218,40,34129,16003,50132,13738,4400,18138,9197,12118,16003,28121,1840,3873
4/16/2021,1837,195,31,34110,15986,50096,13732,4394,18126,9191,12102,15986,28088,1843,3882
4/17/2021,1275,166,35,34032,15947,49979,13699,4391,18090,9167,12065,15947,28012,1840,3877
4/18/2021,1056,164,35,34028,15924,49952,13724,4375,18099,9150,12052,15924,27976,1840,3877
4/19/2021,1881,178,40,33956,15911,49867,13657,4391,18048,9140,12029,15911,27940,1841,3879
4/20/2021,1600,152,35,33857,15819,49676,13649,4361,18010,9095,11965,15819,27784,1843,3882
4/21/2021,1413,117,35,33969,15883,49852,13733,4374,18107,9112,11996,15883,27879,1835,3866
4/22/2021,1360,160,40,33956,15869,49825,13729,4371,18100,9106,11996,15869,27865,1832,3860
4/23/2021,1286,158,45,33871,15875,49746,13628,4367,17995,9108,12009,15875,27884,1836,3867
4/24/2021,850,105,29,33869,15847,49716,13648,4359,18007,9106,12001,15847,27848,1835,3861
4/25/2021,755,118,24,33874,15822,49696,13694,4351,18045,9095,11977,15822,27799,1831,3852
4/26/2021,1362,146,30,33850,15796,49646,13714,4344,18058,9075,11957,15796,27753,1821,3835
4/27/2021,1137,117,31,33733,15789,49522,13605,4353,17958,9076,11950,15789,27739,1816,3825
4/28/2021,1211,129,29,33771,15788,49559,13625,4355,17980,9080,11959,15788,27747,1821,3832
4/29/2021,1051,115,31,33721,15735,49456,13625,4341,17966,9061,11936,15735,27671,1814,3819
4/30/2021,959,95,39,33622,15716,49338,13540,4321,17861,9054,11942,15716,27658,1815,3819
5/1/2021,557,79,30,33548,15711,49259,13506,4308,17814,9042,11921,15711,27632,1812,3813
5/2/2021,553,71,27,33533,15688,49221,13505,4308,17813,9026,11900,15688,27588,1816,3820
5/3/2021,911,87,23,33599,15609,49208,13582,4347,17929,9000,11851,15609,27460,1816,3819
5/4/2021,855,96,27,33564,15631,49195,13557,4352,17909,8997,11850,15631,27481,1811,3805
5/5/2021,761,76,26,33638,15629,49267,13606,4382,17988,9039,11858,15629,27487,1804,3792
5/6/2021,759,81,27,33560,15587,49147,13551,4389,17940,8985,11828,15587,27415,1803,3792
5/7/2021,696,72,37,33511,15606,49117,13490,4377,17867,8999,11844,15606,27450,1807,3800
5/8/2021,374,62,24,33466,15630,49096,13479,4360,17839,8994,11833,15630,27463,1804,3794
5/9/2021,330,61,26,33565,15619,49184,13614,4346,17960,8981,11814,15619,27433,1802,3791
5/10/2021,644,70,28,33430,15504,48934,13565,4361,17926,8920,11728,15504,27232,1795,3776
5/11/2021,616,70,21,33350,15458,48808,13537,4360,17897,8894,11700,15458,27158,1784,3753
5/12/2021,582,62,18,33309,15476,48785,13492,4352,17844,8916,11727,15476,27203,1778,3738
5/13/2021,505,66,25,33293,15515,48808,13474,4347,17821,8930,11730,15515,27245,1780,3742
5/14/2021,476,69,26,33266,15496,48762,13460,4336,17796,8934,11726,15496,27222,1781,3744
5/16/2021,279,41,16,33241,15515,48756,13451,4326,17777,8937,11731,15515,27246,1775,3733
5/17/2021,448,73,14,33191,15456,48647,13429,4337,17766,8908,11686,15456,27142,1778,3739
5/18/2021,399,52,12,33074,15418,48492,13365,4325,17690,8905,11676,15418,27094,1763,3708
5/19/2021,370,57,14,33026,15346,48372,13396,4311,17707,8867,11618,15346,26964,1760,3701
5/20/2021,385,66,14,33012,15376,48388,13355,4328,17683,8875,11641,15376,27017,1754,3688
5/21/2021,346,52,14,32919,15375,48294,13285,4305,17590,8865,11621,15375,26996,1764,3708
5/22/2021,227,35,16,32877,15378,48255,13275,4294,17569,8859,11615,15378,26993,1757,3693
5/23/2021,177,44,12,32894,15341,48235,13343,4283,17626,8831,11587,15341,26928,1751,3681
5/24/2021,344,36,11,32944,15330,48274,13376,4310,17686,8824,11559,15330,26889,1760,3699
5/25/2021,306,40,6,32876,15312,48188,13333,4299,17632,8833,11570,15312,26882,1748,3674
5/26/2021,249,33,6,32873,15326,48199,13339,4297,17636,8838,11581,15326,26907,1740,3656
5/27/2021,255,45,9,32868,15372,48240,13312,4289,17601,8845,11592,15372,26964,1750,3675
5/28/2021,210,36,12,32888,15365,48253,13320,4305,17625,8852,11599,15365,26964,1744,3664
5/29/2021,127,25,10,32944,15347,48291,13377,4307,17684,8858,11607,15347,26954,1738,3653
5/30/2021,114,26,8,32968,15362,48330,13386,4285,17671,8879,11634,15362,26996,1743,3663
5/31/2021,109,19,12,32887,15341,48228,13317,4266,17583,8872,11629,15341,26970,1748,3675
6/1/2021,284,33,13,32826,15267,48093,13294,4280,17574,8835,11583,15267,26850,1744,3669
6/2/2021,233,45,11,32705,15256,47961,13216,4271,17487,8821,11563,15256,26819,1737,3655
6/3/2021,201,29,12,32801,15307,48108,13279,4272,17551,8842,11594,15307,26901,1738,3656
6/4/2021,215,24,7,32714,15270,47984,13213,4263,17476,8819,11571,15270,26841,1744,3667
6/5/2021,134,17,6,32613,15279,47892,13145,4242,17387,8830,11580,15279,26859,1733,3646
6/6/2021,129,25,5,32679,15298,47977,13196,4241,17437,8847,11600,15298,26898,1731,3642
6/7/2021,212,30,7,32704,15238,47942,13235,4261,17496,8800,11535,15238,26773,1746,3673
6/8/2021,171,38,9,32680,15239,47919,13246,4234,17480,8798,11546,15239,26785,1737,3654
6/9/2021,206,24,9,32597,15201,47798,13190,4241,17431,8776,11515,15201,26716,1735,3651
6/10/2021,148,25,6,32659,15288,47947,13202,4245,17447,8817,11566,15288,26854,1732,3646
6/11/2021,185,27,6,32623,15265,47888,13174,4248,17422,8808,11542,15265,26807,1740,3659
6/12/2021,121,21,5,32620,15253,47873,13195,4234,17429,8802,11545,15253,26798,1735,3646
6/13/2021,111,31,6,32652,15245,47897,13208,4263,17471,8800,11534,15245,26779,1736,3647
6/14/2021,175,25,7,32634,15195,47829,13241,4272,17513,8762,11467,15195,26662,1739,3654
6/15/2021,173,25,6,32573,15173,47746,13199,4263,17462,8759,11459,15173,26632,1738,3652
6/16/2021,171,24,6,32593,15169,47762,13204,4268,17472,8768,11473,15169,26642,1737,3648
6/17/2021,179,29,8,32493,15165,47658,13165,4242,17407,8755,11453,15165,26618,1728,3633
6/18/2021,154,17,8,32563,15192,47755,13214,4241,17455,8777,11486,15192,26678,1722,3622
6/19/2021,104,13,11,32486,15181,47667,13145,4238,17383,8775,11480,15181,26661,1722,3623
6/20/2021,95,27,5,32473,15171,47644,13125,4253,17378,8767,11471,15171,26642,1723,3624
6/21/2021,165,29,2,32445,15076,47521,13150,4262,17412,8704,11396,15076,26472,1728,3637
6/22/2021,163,32,7,32500,15109,47609,13158,4282,17440,8721,11417,15109,26526,1731,3643
6/23/2021,181,26,5,32335,15079,47414,13025,4272,17297,8703,11389,15079,26468,1733,3649
6/24/2021,164,14,5,32296,15082,47378,12954,4293,17247,8709,11399,15082,26481,1734,3650
6/25/2021,174,19,6,32188,15079,47267,12878,4272,17150,8709,11400,15079,26479,1729,3638
6/26/2021,118,18,3,32103,15101,47204,12831,4231,17062,8716,11412,15101,26513,1725,3629
6/27/2021,109,23,1,32052,15062,47114,12826,4214,17040,8685,11377,15062,26439,1728,3635
6/28/2021,205,25,6,32039,15037,47076,12805,4232,17037,8658,11351,15037,26388,1733,3651
6/29/2021,212,23,4,32023,15090,47113,12772,4215,16987,8691,11390,15090,26480,1730,3646
6/30/2021,224,21,4,32010,15075,47085,12772,4215,16987,8682,11376,15075,26451,1731,3647
6/30/2021,224,21,4,31987,15058,47045,12752,4229,16981,8674,11361,15058,26419,1730,3645
7/1/2021,205,30,4,31326,14563,45889,12601,4212,16813,8327,10952,14563,25515,1690,3561
7/2/2021,232,36,7,31171,14519,45690,12479,4219,16698,8303,10910,14519,25429,1691,3563
7/3/2021,144,19,6,31049,14545,45594,12356,4195,16551,8324,10948,14545,25493,1685,3550
7/4/2021,120,21,4,30948,14563,45511,12221,4190,16411,8333,10964,14563,25527,1696,3573
7/5/2021,185,15,1,31033,14528,45561,12293,4231,16524,8314,10942,14528,25470,1693,3567
7/6/2021,360,22,3,31146,14549,45695,12386,4232,16618,8324,10963,14549,25512,1693,3565
7/7/2021,397,23,2,31012,14536,45548,12358,4184,16542,8303,10930,14536,25466,1681,3540
7/8/2021,367,23,2,31065,14500,45565,12438,4200,16638,8278,10904,14500,25404,1672,3523
7/9/2021,369,38,2,30943,14526,45469,12273,4207,16480,8291,10920,14526,25446,1682,3543
7/10/2021,236,18,2,30980,14525,45505,12299,4192,16491,8290,10934,14525,25459,1688,3555
7/11/2021,265,28,4,31026,14538,45564,12321,4190,16511,8307,10946,14538,25484,1695,3569
7/12/2021,474,24,4,31116,14538,45654,12414,4210,16624,8282,10930,14538,25468,1691,3562
7/13/2021,455,25,2,31058,14539,45597,12407,4176,16583,8282,10936,14539,25475,1680,3539
7/14/2021,545,46,2,31034,14490,45524,12425,4158,16583,8269,10907,14490,25397,1681,3544
7/15/2021,547,28,5,30993,14528,45521,12403,4129,16532,8305,10936,14528,25464,1673,3525
7/16/2021,553,35,5,30943,14545,45488,12386,4117,16503,8310,10939,14545,25484,1664,3501
7/17/2021,340,37,5,30954,14561,45515,12364,4115,16479,8325,10966,14561,25527,1666,3509
7/18/2021,385,37,2,30986,14550,45536,12396,4122,16518,8316,10951,14550,25501,1670,3517
7/19/2021,806,49,5,30906,14453,45359,12367,4115,16482,8273,10903,14453,25356,1672,3521
7/20/2021,699,52,4,30880,14435,45315,12349,4111,16460,8262,10890,14435,25325,1677,3530
7/21/2021,888,41,2,30823,14435,45258,12358,4100,16458,8257,10887,14435,25322,1653,3478
7/22/2021,961,53,2,30776,14429,45205,12310,4092,16402,8260,10895,14429,25324,1654,3479
7/23/2021,908,46,4,30678,14460,45138,12242,4084,16326,8287,10918,14460,25378,1632,3434
7/24/2021,544,44,2,30745,14497,45242,12270,4071,16341,8318,10958,14497,25455,1638,3446
7/25/2021,629,42,4,30798,14491,45289,12317,4086,16403,8306,10948,14491,25439,1639,3447
7/26/2021,1210,57,1,30705,14443,45148,12338,4026,16364,8267,10886,14443,25329,1643,3455
7/27/2021,1190,73,4,30552,14448,45000,12307,3923,16230,8271,10894,14448,25342,1630,3428
7/28/2021,1225,74,6,30409,14454,44863,12267,3801,16068,8282,10901,14454,25355,1636,3440
7/29/2021,1275,74,7,30691,14482,45173,12319,3989,16308,8299,10935,14482,25417,1640,3448
7/30/2021,1269,78,9,30618,14483,45101,12248,3977,16225,8296,10930,14483,25413,1648,3463
7/31/2021,840,67,4,30443,14305,44748,12252,3982,16234,8192,10785,14305,25090,1630,3424
8/1/2021,819,44,10,30312,14274,44586,12215,3896,16111,8180,10765,14274,25039,1636,3436
8/2/2021,1539,73,4,30452,14286,44738,12268,3975,16243,8181,10759,14286,25045,1644,3450
8/3/2021,1560,90,3,30455,14389,44844,12220,3987,16207,8233,10824,14389,25213,1632,3424
8/4/2021,1586,81,7,30601,14484,45085,12254,4004,16258,8292,10907,14484,25391,1638,3436
8/5/2021,1514,89,6,30606,14507,45113,12240,4005,16245,8309,10935,14507,25442,1633,3426
8/6/2021,1555,112,10,30553,14481,45034,12195,3994,16189,8302,10936,14481,25417,1634,3428
8/7/2021,1131,83,11,30547,14473,45020,12192,4009,16201,8295,10924,14473,25397,1632,3422
8/8/2021,1058,96,6,30695,14491,45186,12278,4021,16299,8309,10943,14491,25434,1646,3453
8/9/2021,1862,127,9,30779,14486,45265,12318,4040,16358,8312,10955,14486,25441,1652,3466
8/10/2021,1650,111,6,30813,14541,45354,12308,4067,16375,8335,10986,14541,25527,1645,3452
8/11/2021,1731,138,6,30764,14527,45291,12295,4045,16340,8317,10965,14527,25492,1647,3459
8/12/2021,1730,111,6,30708,14499,45207,12268,4057,16325,8304,10948,14499,25447,1635,3435
8/13/2021,1577,130,8,30701,14512,45213,12251,4037,16288,8328,10970,14512,25482,1639,3443
8/14/2021,1028,89,9,30684,14504,45188,12268,4024,16292,8330,10966,14504,25470,1630,3426
8/15/2021,1122,104,6,30680,14522,45202,12229,4028,16257,8342,10983,14522,25505,1637,3440
8/16/2021,1902,116,6,30740,14522,45262,12254,4048,16302,8347,10995,14522,25517,1639,3443
8/19/2021,1677,90,13,30577,14382,44959,12289,4030,16319,8268,10879,14382,25261,1608,3379
8/20/2021,1538,113,3,30523,14404,44927,12242,4025,16267,8278,10885,14404,25289,1605,3371
8/21/2021,1073,110,15,30548,14433,44981,12259,4009,16268,8307,10924,14433,25357,1598,3356
8/22/2021,708,102,9,30658,14472,45130,12326,4026,16352,8330,10948,14472,25420,1599,3358
8/23/2021,1918,107,10,30658,14474,45132,12303,4021,16324,8335,10947,14474,25421,1614,3387
